2
2048
-184.344674673	-56.6891999161
304.403414078	-764.236880634
864.589969299	-238.973649072
588.165989037	-532.396272003
-885.565611032	833.237429442
767.503462955	347.435026372
137.784794405	180.308654659
619.571259754	214.145863776
-715.950957504	248.52920093
294.728344634	419.124129277
884.244676386	-384.987448154
-437.426265574	701.834034691
306.397437672	-153.252055851
270.643873323	8.1576716083
-107.556592309	383.740580625
381.595311582	-970.754231118
-304.943027408	-224.034500704
-667.07991618	-777.989398965
497.972807293	-393.090699266
-156.734790596	43.5695740951
206.131963469	487.574241836
-7.77669733858	494.945819634
-768.45969008	516.042156693
416.666044469	-9.71149604371
-371.968863077	811.969892099
154.975059861	-813.486882298
-258.865500552	-449.408851965
-875.893446114	797.623049316
-813.155920326	-811.217900447
-610.478142403	435.638869832
-478.129578453	-817.918336533
899.747748186	366.156194759
303.831940219	-299.215829698
-667.612056757	481.899620408
487.830011086	607.701999081
101.534907053	284.384984627
514.516162542	-268.788898473
369.929541969	490.774349082
178.991766861	-342.529247297
438.876563431	-749.101538962
795.221237334	-273.86767966
-917.163533055	-780.189602733
671.114566335	-792.180459154
-824.365943118	-290.624127864
-870.69182836	-448.883193913
334.524249486	69.0304385183
137.774423033	-374.145250097
402.611013871	682.163977957
365.947184464	-576.842017859
925.81091031	140.846537539
850.52464125	449.180286327
599.464765535	-328.467188173
915.563230848	-326.900592294
863.598587908	989.923593178
426.803014457	-650.058223848
46.9616044724	-531.143305808
-524.877511372	-315.233437714
159.308746465	125.924360036
694.62254251	873.217451311
-872.892135776	-142.454457085
648.037444249	-927.053559641
632.986494136	715.546423186
-885.755067558	-782.104251345
830.063967466	-988.063052995
-977.204357353	-723.645452522
411.16540927	-879.99068695
195.064419361	-871.279476396
-172.557132338	-814.646958531
898.109538314	426.683630023
427.910586766	-901.047792119
-833.906613164	460.333640956
682.606237751	-829.61033201
-740.96556791	258.601595525
521.643042251	-368.405617238
-874.488174388	-634.208218218
-902.194062102	169.287749169
-48.9798292659	-423.160721566
-314.092617159	619.455389872
-818.840630562	-683.599493642
25.8639905788	417.132003112
352.391554662	-199.893999412
375.880092579	-235.14766886
-166.359168415	-115.59210997
-232.696150529	-229.69019265
-521.290043283	-663.309281689
36.6761841696	453.075408401
-292.406666968	-72.7517182516
570.178502021	177.823747092
-698.86270381	-31.1837763841
-482.333988934	212.129672719
644.477308396	882.028950651
394.01448199	-418.000809931
-191.993134416	534.347678987
-55.6240746276	-178.419085553
965.098794431	-289.564115401
483.342371445	-515.78699512
555.418298599	-709.922352207
455.298466516	-560.494640039
-335.658068223	-185.128067155
-495.609166672	-386.86030364
867.755273684	226.448034853
-228.496591982	464.828313929
-555.225675716	824.882864966
191.260789455	890.567129314
-351.130357318	-334.735077496
-422.71590817	756.860370046
720.621811129	498.126600421
888.453099006	-45.5348969211
222.590135113	-423.573758127
491.602074522	-188.395671617
-406.462910841	-732.54875515
924.28965363	-769.400891073
-558.134729196	257.516512776
114.29571944	-227.178490436
138.766959541	-964.782413771
274.516513409	-328.653300467
299.583837151	238.47574167
698.317930348	939.248267803
-38.2262637763	-431.290087352
-852.317343356	907.444443742
510.768512504	-706.886920688
153.795608437	-430.217679406
944.830179059	-952.818752905
-620.640461998	-195.352166344
633.555638155	-846.840067496
-907.255997394	-692.875224117
-917.296049785	-292.394195714
-486.768112993	877.622140564
952.628393392	-356.415996953
116.093081285	144.899763631
-579.545659044	-312.079622869
665.451017698	-212.970703295
233.536976393	-638.306684666
259.721382522	545.701024011
607.460546078	-320.729279767
198.15993811	-252.695009488
-556.645796848	-581.385525709
-5.41588438215	263.17911127
-20.4007543589	855.664750056
-489.435817061	931.328368172
70.7346144176	422.616116911
81.1384808568	842.305980636
-269.967122823	754.69873765
-752.038812321	176.934720429
594.047543566	98.3313009238
615.252398186	-212.716833981
836.998377438	657.630274103
-408.183483811	115.281691074
329.90035193	538.774285706
516.07402422	-680.981492536
-884.569251705	531.433983042
621.430409813	-456.813315298
-270.97625978	933.338703447
909.163390061	959.191195494
-534.662140449	-31.6094080328
731.549164138	-362.191311242
364.914384527	332.444839722
-474.247943335	600.448586917
54.9215196735	-662.892661092
848.902750592	261.727449828
959.245808901	-961.57823061
-574.426783684	-246.236865647
-390.91397231	13.3207611182
527.645524357	445.877792669
-675.026334403	-664.168886036
774.221555144	-41.5166398933
-929.468929093	-129.740705444
686.31988557	299.94870074
2.87896302165	295.236427706
-952.257579439	-845.249663073
368.25634513	-222.072255014
-528.007638923	-544.661856664
-615.804746772	617.106637744
-121.73140916	-519.741569382
504.098913896	-392.19647843
676.794786381	345.096699679
700.9331332	-730.729076659
444.995549531	-150.444496691
592.180249202	-487.733574254
-225.308040562	-314.02195361
-758.481939225	566.054801287
-814.285746158	363.839518083
14.3513817912	44.9971065093
-836.623283872	-752.705736646
-857.584891339	479.490988592
-270.945590684	-372.288275631
343.155142768	931.76486669
826.468655747	914.295481606
864.125593399	-60.0904732683
-256.036574491	-869.62363538
658.434033353	-958.292774312
776.370038421	-618.281187176
-918.910584276	72.0578004969
968.40588992	340.945574324
104.355171662	-731.432760318
986.666746268	-768.988930286
-468.666314002	-88.8584386763
275.162939257	-217.05077453
985.968365766	-920.790867337
-389.385899519	-496.120937211
689.305581012	-505.560517844
-50.0181593344	-434.975422082
933.624839016	992.432476205
-31.0294697679	-907.145568261
959.876279349	-447.26839927
-487.938769887	-578.884366194
402.935613003	944.80689486
-258.920745395	853.294586581
-567.843413897	-826.43727845
-967.722789896	291.626375543
-168.263292062	-522.713421587
-658.882954128	316.810234939
307.995152375	-982.298587579
-971.76871241	-269.450579152
-419.016591545	271.575697569
790.93883663	-554.547854425
558.165339413	-809.544996503
-740.581016412	-888.877392205
980.888848901	430.959308766
-552.857332422	426.376237692
-966.834416702	-660.494648982
461.485558576	-776.035572497
313.933209684	248.813435357
185.161911834	604.274300593
377.212362926	982.008337157
23.4424522362	887.046890971
793.72503193	9.88665894409
-127.951090329	-761.767892227
-379.78651793	602.079071396
-336.416157541	-832.96063119
-532.665876634	-941.974754283
968.213976954	-224.330983536
943.928892841	-995.680157864
970.081258078	504.782544396
-919.607794378	-816.653603004
-592.445496084	964.054025088
-689.100146562	255.405039783
944.763617088	300.567100452
78.6164820407	-643.86670676
-152.466073269	689.05526676
465.15164366	117.031913948
454.235177992	-62.5277754908
-684.484449107	-359.632027109
-696.851337005	-156.663105501
-214.178582425	861.018370589
170.814825638	-378.306640556
-872.842346987	-422.282020477
-339.320219225	-643.192773594
323.112966682	-875.586528769
209.337163687	759.4740551
-904.32119912	313.464631194
728.226582721	-150.802069767
861.352107296	-438.844616451
-362.177311455	-228.895661251
-835.887542284	-151.691858615
689.548208633	-952.498321532
87.3655607103	-125.047324936
329.364529556	-84.7188547321
780.356189165	953.959388058
-913.011041534	-840.69886111
-601.561639838	914.481084845
-513.907746774	-22.2651121483
199.93256035	16.5603046355
847.69447976	865.763578344
588.682510552	775.856543881
248.919604027	939.667689098
-268.026165758	381.842179238
541.095466351	894.489051871
-457.290721327	-996.573035163
-845.446154399	948.573137511
-286.871531523	600.600655807
-975.602783419	-704.604222733
-615.932893546	-648.298162572
-340.927582969	-234.201007944
331.785666598	-9.84074227292
534.654260105	890.668694325
-889.354071499	185.37320453
195.40116601	992.648855617
-680.626897042	-135.712301957
722.278736288	-582.711476028
-228.272513343	966.551478861
-458.803575266	636.809281209
802.821409807	-726.550530863
727.255587042	517.427355803
672.282292218	493.676764942
-193.424769092	986.889960857
314.165062553	-370.814742536
135.827412349	-765.95065777
-435.16265343	911.206017942
136.876413508	-528.30980621
-284.96483374	433.320025977
38.1874755909	-352.784945575
60.163236615	-726.186899101
71.5425403381	-516.765283015
673.289474536	548.704638564
-960.486260031	-366.114566232
-726.117437205	-202.867251188
782.971786279	383.830648163
-722.444818459	485.533647569
938.586483136	528.551976425
-742.986972417	752.452076197
905.961896129	-9.4340450235
-691.566430144	-901.4929713
-921.297030513	-680.937289516
-888.333851638	703.459874001
-405.119042494	122.935976699
807.492177413	-268.577752818
189.067583621	-999.395378393
892.750332312	209.571908532
-918.073111854	344.597576817
-961.197541457	866.752294164
22.6278716884	-406.594706431
-323.214430108	694.362037943
573.948965729	-877.372684532
-465.38744295	-789.716344482
-984.33482565	161.370311432
-909.284674247	435.396388923
-248.955781038	19.4286933157
-770.424415886	-181.454798183
42.2455551425	139.484756186
74.9601666048	-869.087973987
343.478142627	280.069319107
893.769243833	-274.386560191
859.498382351	195.872748503
-668.288664241	619.020891876
-787.287826938	-421.272279969
-376.20020132	811.079435474
-510.59051376	241.798026878
835.481760811	-236.105647499
-148.495293318	-11.3264278387
-129.683085867	777.297220581
-282.14817733	-798.060408044
750.664658438	139.89852841
-338.083329368	-903.422092202
-266.902390674	-275.744601756
-916.464954935	143.091038562
-484.71984521	969.345009815
-505.384342062	-318.051098933
121.563451085	-474.697987814
543.034118519	662.24743409
-60.9329003749	204.388143846
400.10382264	664.685780504
956.523146219	129.124747719
-925.468153191	241.475273746
211.304624015	960.412700814
290.81038341	204.005451196
-688.743207713	510.13463778
-150.963021392	257.21684973
23.5871202236	982.944427979
-499.180902117	-727.47204162
-134.636636499	135.651256111
-964.12213795	884.512011288
800.24327824	149.620822808
-343.075492558	-374.373134651
418.876772196	-797.377567629
806.544993852	-988.105284332
-198.136590343	-468.304176593
-654.76607462	-20.9988885465
970.481277741	-581.643550413
-948.446882428	962.657968553
929.424274214	99.1520971102
908.831857764	-913.283813304
814.548294102	-50.1650915146
509.269623307	771.799779413
-784.161039991	8.42833189907
201.070019569	-733.980958488
-846.27794947	-478.191201759
-431.282177513	-698.683450726
726.222725701	350.535914734
248.607955512	528.277118514
676.462467735	-276.415553296
215.30197445	942.214389618
-89.074399773	249.690443042
988.097012547	-752.948022264
240.340920691	-944.126120571
357.843330946	-980.713966324
831.696429521	454.555305472
918.637888874	459.20653657
-561.713591634	-700.205977581
469.741173912	752.722390242
643.556617977	802.951944319
-649.153737255	749.605081907
-586.379216047	-328.446723357
-636.179587323	360.917021234
-796.655164875	-978.309717914
-98.2055426244	175.909327704
-633.985604394	-732.142110823
59.7561192086	-362.442170404
-66.5693155656	897.729978609
-83.2072159274	964.726250869
906.944173669	-165.04339209
378.483990568	226.906445515
-926.986542772	-3.22889926527
-960.860367314	-927.921068496
55.0110945871	473.935036106
289.348951585	-183.119181744
704.061033331	-251.781248998
-769.168968908	-371.27791277
766.580662429	-459.948431927
836.529750421	-44.4154923271
376.855180763	-807.761540425
31.3381741097	-522.971769393
429.655786628	-253.130177794
940.426097676	-193.176995516
918.489806805	-244.475311141
458.653499926	-61.13001884
801.257976518	997.582255262
-190.05127542	837.913051867
-313.040338295	-121.195289891
952.085444478	115.511470696
881.789707394	-461.736656497
417.35201846	611.907510672
733.942720227	-304.252559396
-699.512649577	909.942899922
-381.053883447	922.581555264
394.974431609	-788.749129115
46.4358140302	570.291591359
-358.220552754	-589.055816723
48.5828077621	-857.156480663
-758.881170783	-590.322968879
681.958789595	595.671087898
-339.146147769	-394.15834288
142.820952634	-719.365773316
329.918105609	-710.330902431
-302.619763955	-130.781797926
-358.160701498	257.528432121
37.5183895552	-114.673115479
519.04685774	273.808865287
-729.521208258	-160.579248141
35.0920708297	913.414276066
941.54714678	-833.770998577
-5.5653307882	103.061657833
640.247663886	-382.556826857
591.301326659	128.569345902
-681.281653306	-929.16994992
871.001867123	884.438826623
136.997394349	-399.950667284
812.607279304	993.196246471
-626.085266274	265.577246814
-691.539943471	-215.794359041
507.604938058	-319.742819176
910.986223299	229.626097938
332.334432051	-757.621801567
206.097140385	-924.467198301
16.9502723451	127.013682857
329.336724236	910.121430335
-48.2365498495	-381.615610586
117.062498198	-242.478877849
278.325582961	-186.775089913
969.611300786	-933.371852248
867.191950321	-939.013596333
-254.023544752	-234.477126156
-830.419953415	577.481309114
651.817377974	-898.744597427
-780.880625431	435.409864122
505.172732884	544.693647935
-661.997838219	908.084146805
869.563000272	222.940722811
-700.453235525	-125.155796511
-75.1078758539	765.280454863
983.848085735	-992.751933689
154.030814227	-594.918865279
-966.022106253	-549.973886679
211.801973514	729.341001638
-289.685178861	-927.639471294
-701.908899839	962.352428306
979.193694302	-802.634848709
-840.699232051	-376.160658454
826.225786218	892.795174704
-885.140533839	-7.8387267114
272.951674666	503.017612096
63.8987965551	769.424320594
275.458549137	513.288149143
721.90275454	-472.03104253
232.036250117	160.01108175
-581.806846857	411.441086747
391.929362145	448.397245581
55.90441303	55.6614960866
-921.185251518	-376.827116605
-191.901966248	475.970846132
-765.48477094	-851.881948524
550.992816551	-654.093860004
463.388324603	-853.813098317
-254.685011885	525.289543182
-422.630356256	-444.626983645
-545.804414126	-864.847462085
-315.578946695	-967.600462503
238.049701113	-170.972754768
-452.671112543	60.796930609
86.638697454	-623.400158891
674.971784567	303.983916797
-586.775890137	874.087191336
-957.314403633	123.160058621
351.770650189	950.469539694
-267.898613749	-309.949217996
-80.8597831754	129.035785976
-149.324710601	-61.4779179117
-856.154698308	91.9136960545
495.980083568	-612.080137586
-331.428148161	523.421384458
-863.455806041	220.864736404
983.316036892	555.5551564
-301.961286765	-161.706232936
237.26760306	267.810780247
-648.750997071	-160.012736058
103.082782748	-98.8173354024
315.969798087	-133.816816908
576.296375987	136.904769896
-635.10484818	-183.379516572
770.08206391	-186.030181829
303.691475657	96.5856764221
-792.643413315	-866.608027813
117.620191338	800.502233474
262.314950615	884.753642695
187.250020627	-905.556033513
-653.162161661	995.065419418
225.887458418	-708.508421769
363.482755044	-241.192890604
-809.741035161	747.534140585
-67.5925910826	482.332236707
-140.769889643	160.652441649
962.622879308	264.02298601
-121.310202024	588.454116504
-933.305609893	375.649791169
-772.04342823	-613.580195054
344.671438559	-787.525240944
-305.127784567	-312.818006843
636.299683474	-804.037520699
540.547589427	732.797549849
-298.530022302	437.964212565
529.367773762	561.907005222
-387.87167485	-50.7786334085
550.500984962	-706.16530479
633.989091393	340.808991217
457.977953238	-840.335325475
-782.187118909	-333.264623668
-443.514492607	192.227273888
-258.503785256	218.839021244
63.5566843944	-310.486502083
677.520206596	-760.65513175
-88.4991073872	-980.008054679
15.6921795043	884.338053467
414.40809189	197.833922908
342.160501927	-126.381832108
-422.428712982	-129.794959002
-382.661984029	-94.2439141234
-845.621968348	-779.056182249
22.7252302833	220.209780453
34.5041436509	-283.858229396
-14.4409604401	-846.460205456
-152.109545324	-522.827341726
948.457492383	363.783496758
-138.43720693	-906.996817063
-543.063891865	590.18332074
93.0193473291	-730.134844789
847.397308333	-32.7976793748
-260.101835619	-796.563565098
-438.803292052	-137.809623782
-679.859212164	634.382290641
-52.2535335832	-928.618137706
928.357457073	320.578258974
-443.206926278	-615.540632146
-625.945750998	-153.988138107
956.825228127	-7.96494138365
-803.977832466	-241.03177448
-58.4869879631	711.524463475
-988.20799065	-149.533176532
821.451881034	852.673161786
672.742206469	32.644300108
-888.460533765	751.626747671
-582.763096623	857.077835545
-906.200065124	-854.099078033
-13.484182592	472.324460011
730.901024714	-79.7013452807
404.842750391	604.242465641
373.92609549	437.219335591
246.285698072	-768.362907204
281.189170642	-382.949331526
-525.546256276	-813.876609917
-561.097551664	-555.973519939
-809.991982877	-32.407477329
5.74544202734	879.708425978
854.930722464	843.832054716
420.743226087	-886.638878226
521.808368716	-332.386693548
423.964767593	410.037070976
-747.731690816	-241.542242521
462.065727716	-378.321718924
29.8684869578	128.692280886
545.730310383	652.915101235
-966.718881544	-506.358860457
242.645912406	-859.724580747
551.119152509	883.650383451
-246.587007178	-950.297463136
186.202568381	226.582280779
43.6101485238	208.13251854
-969.440791994	-113.127439598
99.0155916009	-602.137931651
45.6284177893	-789.725198424
-662.787091902	273.755601364
-487.331898775	28.3758197904
624.249164611	-386.207751446
-533.513354164	-915.19686997
866.157277446	392.345758116
-826.584484304	813.85652668
-805.888981751	908.588717307
935.674338314	-558.113795689
124.908168694	-261.771688432
-92.7713850019	124.103029667
-981.25664999	-464.843635717
827.978346251	127.914629012
-530.884381762	-965.186163511
-376.746517443	-5.34123815879
-234.744747639	-739.194964998
841.410158028	857.86441656
-589.754285135	492.350625785
801.856530966	-661.925444977
943.428679015	-911.545094874
5.9226643508	-937.784744784
263.371614246	-854.205448158
-722.977876261	735.070697414
-367.847357576	-824.084275655
-495.397813495	-283.192844056
487.955579583	571.715742724
-645.06001917	-129.931801331
910.632823731	643.06865429
-351.680025705	-61.9834435946
634.815080113	-732.763260436
48.119659016	762.308943441
-22.6282153129	828.761586082
-432.366998596	899.058607501
805.288923771	887.944723772
-906.745587524	164.138171342
484.675541257	-868.471440449
-139.538520409	251.911960384
942.589578289	-477.636647221
-527.85606301	-765.565003306
864.11819507	-729.591493216
292.14429881	-55.6937456082
764.86441759	-975.32575939
-967.780263016	-400.804235712
-755.425013986	-313.169364947
907.300489832	-28.7172838866
-273.067067122	-890.549057097
-247.043422072	-622.311584933
59.2083462237	403.798673913
-754.186494706	-49.6859742342
456.73735075	411.622047392
367.616141396	177.954659754
-611.936514884	-139.744070834
-703.819429576	464.043127734
564.221388581	81.7724267619
355.195598157	953.328359922
-212.805638036	-60.3672502978
248.295784574	541.891120121
-388.912733126	581.585831621
599.80725119	-473.010423395
93.5701270317	527.777499081
829.222200053	-920.452639491
-484.481503857	-908.216950867
-747.959011123	615.307288428
-80.9754509532	867.496330843
-699.732938204	565.335635653
-71.4373173103	112.584238193
102.449298836	-181.107301866
-265.159363406	-387.839133085
-826.113316656	-653.749741653
502.233730418	-373.052636327
-879.600077804	-70.8519630614
300.340567138	575.669900428
926.294595516	330.490070604
-269.024801726	-123.699083133
-793.916775618	-669.962628855
668.466302709	-311.727230488
-867.055796521	426.13790621
495.390695759	-570.833266252
721.080100302	-212.915677857
-464.300508617	548.988030655
895.006634176	351.185032692
379.348745318	104.432950296
-444.621792773	718.725148235
551.115996495	-169.581618587
437.096862458	275.867183556
790.772037678	-101.919188106
544.338800886	51.6697860244
277.622288871	423.824708694
-406.707907726	633.747343592
-869.007457789	509.309066838
866.183794093	-980.729023125
326.877477834	448.958361784
713.346205647	-818.979376106
398.248970191	145.104867808
-487.940253865	-315.942580147
621.83565785	-188.616789161
391.810799502	223.993670695
-14.199522298	-180.409654333
-112.526974283	-7.00747660994
588.269709258	123.134625937
220.520215734	-714.891736783
523.531152821	566.833325423
-827.133726652	-854.835406529
749.035205145	-255.824866809
94.1807169459	880.979642118
-661.562905701	-57.5427388345
-637.710831086	-948.522729872
-883.440198123	-349.350333242
-468.759366997	-77.2109235597
671.569800904	-492.366683273
911.567109264	-5.85729829255
-640.698162267	-964.492244148
51.3257207694	500.744602357
-976.627800206	999.500220648
-492.018306967	615.525384335
-145.831478919	156.291276987
918.602431659	-540.86699793
993.735810753	-331.800014355
575.443469108	-324.352974546
-518.936602462	-567.129761701
-644.438818082	12.4364974251
-807.793067317	-978.130871022
880.170947904	-388.055981407
993.589311073	632.512603469
353.959811375	514.68569198
-793.863332574	-760.679234455
620.946441354	-820.604782711
416.649075094	539.943655695
514.082901873	-862.867184932
41.2388707952	847.604600078
560.328255228	-606.838595548
689.450223627	367.928531659
-783.093597461	-379.094416375
962.424301811	848.608454679
-544.088529422	-755.184957333
-717.957280434	884.868559865
90.3042771655	881.610782093
936.601496893	-269.254557296
-719.600097902	-575.737927788
174.198374339	-753.174629094
-452.791323177	-610.265393953
-528.904440153	422.357431752
479.610685605	650.373873531
799.8218387	17.7608743524
505.318312329	-536.747985352
-253.488977692	-11.2772382614
299.958077205	-99.8683803833
-506.625444053	846.86213164
-351.577328888	-351.359049659
-954.081914253	-458.901386936
-562.768135259	-289.425536402
-785.507083163	-636.479901628
936.069409413	635.472063631
-811.091505822	292.281536759
486.537378219	570.531086858
207.85108256	47.7851341433
411.569144313	930.706075731
501.275575076	-254.58108364
623.872476342	293.806283666
626.536890514	-817.246063247
-582.903123082	-523.660292391
373.256398217	956.090482005
220.361385966	470.1069995
-139.337495369	914.679377774
-811.789477325	-64.763361748
374.445637406	113.288246745
-509.841447508	-420.304591604
343.995631119	-952.077694086
-277.994841865	976.595945529
992.129352201	120.592556205
-369.097888364	-211.245263644
-319.369357186	-823.175761837
489.437320142	40.6481700289
100.910594089	-344.2366609
-297.878715173	-224.978741532
-221.423356979	-907.66778333
862.233379384	301.857898375
-824.507136357	-271.861630751
634.169706655	-678.840863819
911.843434412	-949.590072676
-877.381918852	949.650382835
819.909634658	-266.054775319
-641.763503837	-504.531800993
394.532716982	656.021814336
957.285139355	-163.387338148
-837.169914806	-686.881079213
975.927500878	866.796018565
637.622522748	-700.723221087
340.228380604	333.799957571
-830.094675664	-624.156526341
990.525872017	519.895429408
325.107891412	-287.455188413
-285.300541525	964.017037331
624.61906549	-189.698102944
995.763695051	130.67472153
837.458321452	-789.130768407
-786.000483359	300.138179349
269.738480459	-240.435097707
83.0493568698	-822.777266724
614.73865853	511.717923171
77.834563689	-520.407245759
-836.143258059	-251.776410251
238.207027948	119.849706625
-549.53730257	920.578380439
-491.428390242	251.007652894
74.8713664226	954.087719185
-905.626813611	956.033797689
591.088641882	-158.482615203
656.726758009	117.983120742
-637.585121084	-676.509516557
-747.197390264	-868.889079883
-53.6955018521	533.063786446
233.278123292	91.3079875132
160.245464057	850.893261488
56.0996981693	825.715382478
592.09328849	-730.375246192
184.822360911	960.541841601
964.616736868	464.748078183
491.487649698	-69.1900247584
-543.393531799	-357.022652888
900.323807962	569.056972029
-334.474616189	-716.553932737
-871.30289555	-940.831774499
-98.1527232946	-765.930162719
-559.0313555	484.249739552
-274.472266864	-382.98978173
604.441784125	578.743019691
-510.813939643	-604.559815195
-140.118157258	-975.105648493
862.544133798	760.796230885
890.097971621	-201.001103402
636.077488638	-712.719776289
-116.101693857	877.61675712
90.919896816	-663.532178977
341.943509574	281.830291428
-246.786989343	256.399826378
204.404965285	-144.910546605
261.993100031	-278.089147213
455.059238286	-508.729826704
468.448845649	-32.7069437721
-680.915446439	956.981408662
531.939272257	185.840766975
549.983115107	-409.142584456
522.481634249	367.005400369
688.634762914	866.372593845
-533.796657576	841.514182167
-441.793192058	970.338355457
-495.672773789	203.881238947
759.505344391	151.982170572
187.341529077	897.352973168
-824.143703628	-288.924353178
-906.319722249	-519.737046799
-432.983487648	571.291814183
-648.737218017	-628.473498922
566.011329542	54.9417461259
-466.066984164	-953.190592631
-859.832489801	370.748698511
-868.8099456	-101.915377614
903.476245878	80.2291610023
-723.856635296	913.644272368
86.9167528931	-99.5793426572
-473.008313107	186.779381146
661.683247894	350.990606068
-441.083681442	217.665764084
30.1467042042	797.631799166
538.543027215	-449.883793043
403.142592901	555.194947237
942.514091621	-516.536133386
103.058926678	574.303223311
756.886280109	-551.953955916
947.593911335	-593.53160257
983.04664259	676.289623406
-798.513873843	-585.913084395
-920.527719175	-812.362935062
-111.463123542	-156.650611612
-895.396671744	-556.605821858
-847.056244276	860.066621439
-290.868193219	-75.3739415386
-963.96672968	-11.2078504802
703.801820872	-689.508013573
-499.403155172	440.363532874
795.317769555	-723.809791095
923.353280677	977.928416113
391.372120344	-295.741342155
-89.5369784811	958.624983983
-481.987737	564.015345495
204.402184492	-603.25511392
-438.870570324	-234.079036328
-775.247060656	389.960651534
-16.1110908898	-367.697827127
273.176602276	-222.968629611
-79.0898866463	512.881133779
767.638610837	-244.384188831
18.6913132632	-316.128281254
460.307918496	207.827409608
100.692552151	558.764011881
-80.5897337845	-930.883198291
-809.502094206	-223.17241133
500.013707438	952.101346411
68.3249958273	-654.864977231
296.800451728	-272.580948468
965.051885041	-700.411600196
508.540505191	777.705109035
-991.01336713	-631.21674818
-885.518677069	442.590119367
-751.392176856	-83.9897091873
694.00027853	-706.076849899
925.511803984	-711.459863828
-116.029094459	96.6475099407
673.802667432	-947.81000235
-697.341489321	-751.762827115
661.275424489	493.709626388
-980.760216467	589.084354502
-10.0642011127	48.2750261269
499.743779891	933.445571771
513.634815141	-397.190963655
20.3263528913	165.591746884
795.567741011	-93.8154553791
883.619419255	-950.433337316
645.585716227	-906.460408203
-285.519468115	-885.431463822
-356.217196133	-381.112810361
754.352160638	-852.130879712
725.432541592	-481.732649454
856.246874928	-547.850468257
-679.462551289	-327.567032853
-317.097403521	-509.456785298
-921.438744895	522.583249515
-869.761783677	419.617867603
775.162237573	-374.831257438
829.203522646	994.441044474
256.752699629	892.885976593
234.622523437	-603.140961919
-144.739813282	-493.904865918
-743.683505658	187.615750367
192.749655853	-944.843274829
-901.797778471	-125.249524634
-928.549209541	805.38920487
-943.642481936	362.721955279
742.642041092	-881.722764298
-813.83571685	520.603290049
-811.720353207	-859.709576266
-547.168804528	503.071296151
-209.390622419	490.243476527
-951.147255617	0.589273264628
-651.806312976	418.772133005
-7.56634365228	-438.018257927
611.484485368	739.248377734
577.528785795	145.371621699
131.646768775	-669.690325551
875.023973921	877.376790075
895.238238907	971.228821285
-560.656190668	-61.3469628697
217.356148709	411.644238877
-22.5666294025	-163.599703899
204.512879119	-394.533899928
621.518441391	885.167441797
391.089527697	-662.819458746
-256.761055323	-114.089236737
116.255409257	-570.314933453
-798.612293001	926.222933486
-566.126856096	868.130320988
-829.817653536	-38.4924747662
581.769060754	-605.419910337
-829.67551822	-793.963287604
-767.619586926	244.234466688
-476.099708535	-622.891887729
-375.895426364	593.466894326
727.776564362	-118.394152673
-613.290846519	-650.21431743
-186.371350159	-870.922859397
488.967902989	70.0005366017
-193.932942694	-278.882323431
-836.382551937	691.800961197
328.193268465	-359.003620774
461.229060819	643.821471892
194.666043424	86.1216030977
-996.496350983	753.488438272
83.4029607984	-769.15201846
-851.792427254	246.997088128
405.751205353	-204.645416762
848.336330328	-371.141780146
-221.27437775	-452.830793013
8.03393331597	332.759821824
902.702993843	-47.0500274471
-945.170288211	-417.023231252
343.173545595	312.386293325
161.119871103	521.407958782
139.453658194	949.473665373
374.960358087	978.808247611
-478.102746821	913.281788881
-941.072249097	-527.828731425
40.6134193267	142.239620599
-482.120787002	-705.601828335
17.7907445998	368.652394698
678.806559191	859.207163082
-936.195093264	-461.981733889
-448.17598923	168.351710379
282.264965001	485.76755977
-635.216179332	337.485663945
393.813660677	668.613353045
860.65767778	994.649173515
247.98810988	-899.660013382
-980.837649955	479.481111812
248.469444414	799.655908662
746.161529059	-905.085915751
-821.088135712	-587.321398032
746.238859759	-779.837897991
407.446594379	-571.812430413
-929.408140159	-482.546975931
-206.544686069	-994.704511229
-992.439419129	420.173479306
147.204163806	151.482383835
681.321055383	312.879683383
356.09946912	201.710416145
249.437750475	-670.89338554
208.996943749	730.807131419
159.409953045	-953.683906798
423.043474766	-274.796450596
472.008454452	-562.448236014
-630.450575939	621.456693344
422.810357371	619.922318243
110.226936728	508.108253778
-309.612145487	977.20350553
660.545967122	29.7463224871
-888.012502155	-192.262574369
-299.810823734	342.417313285
921.772047818	-88.3327416571
-834.982679752	-852.555899832
-35.948010419	966.601002736
715.334613148	839.351191402
776.456760423	-541.304267178
-982.644725717	-727.238023978
487.553334797	-656.712865526
466.727828446	-935.881171543
744.136530279	538.085841582
455.824759807	130.368406879
180.257457151	623.364541265
448.591880647	-699.158676085
724.667025054	-959.599201877
594.867988072	-990.273768935
-696.338269621	-18.3039640917
918.708059896	-855.886459755
45.7770302571	906.224433998
550.416682081	-217.954355867
-653.277960299	-864.018251954
945.624205051	-478.586337065
-849.329126012	-711.861457202
-381.79182212	-274.456485699
391.347652898	91.4625235297
-30.4492314758	-132.773640258
936.783825113	371.393004774
-256.589094099	-607.811160658
855.813810052	263.719447816
44.2762069446	864.258731838
474.474294533	-719.156168286
232.666753468	541.327650246
182.919959705	581.824934263
-259.72853003	-117.113107501
855.044207339	-952.88983567
-924.715020106	356.144220462
-748.346509826	-933.393078889
892.973624992	934.327107808
227.181992742	-76.7700335634
-112.454568933	-760.821487187
972.855055636	-48.3926886311
262.087978211	-726.441280005
309.850209403	-942.404547851
249.652769425	801.279474326
958.882612677	275.885915564
-868.03639137	-733.837199844
119.228022177	886.285832263
-958.76350817	-815.49174359
-765.245913956	942.929663393
-476.252746013	-566.769253638
722.780081674	559.62069376
-120.841944303	861.712619911
-782.950667076	-665.04826067
277.914614842	123.9089635
788.836801772	-10.5270655373
-838.555847354	-201.30234947
-723.578305038	967.556526091
-386.161111596	-637.289898352
-313.396565518	-53.5659188676
818.914027744	163.778663484
700.732654147	-845.709850837
-617.99033937	348.059796608
-928.067985222	140.133115922
-463.72701332	-861.399011454
455.89739849	331.633003617
421.538752069	-313.315900701
-451.107596194	834.455370273
943.839410504	-607.665086098
285.148427258	155.929042761
-863.459131152	482.604099974
-6.43340715064	870.294721927
0.37887806438	-403.194034444
-629.171663275	311.963724108
112.403945887	865.898171468
-32.9063834194	894.765093704
954.253098627	-909.506746285
498.834567349	-478.307699091
344.596629338	469.240636866
994.709366257	-485.143173427
-826.978003126	-59.4773404212
312.961815811	-157.367132791
898.246674746	-590.933146281
-784.872445617	182.363929815
669.040368992	383.604160049
859.345608402	-740.3782785
-738.438606946	655.760415749
847.55598216	450.482551801
914.155326883	-920.231881668
-996.083550313	-715.835880354
-321.056052144	-303.647608618
-68.1636766861	-513.415590752
452.438858688	-900.9168267
190.406404541	-471.296806696
985.955556153	-96.8808207656
287.006670823	532.184166571
-276.79457256	222.193603197
998.292646053	-804.563893391
761.410078564	-872.232590967
-191.564489176	828.360310462
-886.794001928	591.296123778
858.796665683	34.0457009328
362.767953831	28.9396934429
-837.330037588	-708.437375459
-180.512101896	-545.638066081
-237.876737532	-224.126511487
561.298742266	-136.938908055
938.771193572	758.187949183
48.6181409803	855.189995474
537.115046975	-120.907949452
229.937813028	524.565597932
-563.959450777	460.044790666
6.04459792246	519.029856928
24.7725931675	224.86325253
30.9626678778	-509.217400692
-713.911702626	-135.686926571
-923.174380138	-95.9872178053
606.624746788	-742.895215227
890.787595061	-978.698484501
-208.363114999	-473.680974056
161.542002612	179.484805436
231.357526543	436.665324566
-797.49791908	798.340905572
-620.190998503	937.16369397
-342.482693527	-48.6836736536
-338.651670636	-181.699113816
408.860681081	301.432599903
-502.121699019	-932.162143927
-967.295581218	113.269059854
290.950950156	988.626063341
-772.123061784	-222.011266142
-600.940375263	-400.590794809
-372.518096866	-657.3818739
395.775239342	-450.33529557
838.147925552	46.0744146195
-973.67038895	376.187876812
-375.675445469	-508.471125094
-820.370448937	-505.827243789
437.769848199	184.886257067
959.874888821	-335.266357647
297.44244823	-248.888032594
82.9509035835	-936.718199302
392.108564022	242.825773483
123.903839624	-865.176067741
-695.183639415	-164.79996242
-192.674393608	813.204150479
542.035427301	539.940786439
-681.772734845	-952.851501776
457.005994285	310.268711628
962.150006466	860.050676874
323.38864895	156.476883999
-986.852809925	167.905528136
-226.979965506	-308.939961077
621.995717131	495.191128876
-905.638195398	533.005006789
-22.9828212812	34.1954850644
-488.865110837	-551.398648514
715.095927796	-319.170690967
334.139299314	894.429805951
182.551708736	445.340158253
-759.488944039	933.712754027
910.937615006	-748.130246606
-483.808528963	-872.714438195
-362.183073479	306.913783964
532.616255926	823.45018599
-433.477072712	840.808912926
-904.372098689	115.762110694
392.219971973	-825.294309692
-376.217978393	878.803871103
174.880079349	43.0333922882
-54.7726304137	676.660932848
-870.215756037	-660.335176854
620.367963027	-786.725420854
976.318564253	-750.679835838
-200.077248601	481.391382743
980.979153231	-758.836109807
-226.473552692	-132.497180893
987.857663286	34.9943227081
-933.134940254	-33.066747456
380.256475266	-240.248018643
-382.46906991	308.654626383
-316.848639219	247.577760762
461.400148316	427.26487406
-875.811206673	-766.321209242
-366.112759407	-826.266594256
-742.963763978	887.369791227
675.815994511	934.572791751
139.218647544	-195.661258216
345.222863398	-385.981744769
932.606078555	-201.61340286
943.16313059	232.851685901
-67.7535114574	823.550339583
526.728908625	-697.754804587
-545.262558376	875.217112464
-945.013496765	-571.813172579
967.671403029	801.593119461
503.45439127	-680.545540127
724.461665479	-802.773700023
-123.005818629	615.072644519
-59.5125513118	-872.298793074
-814.461393584	342.03870179
-238.678046109	506.181015881
914.670860649	637.91851243
-824.55543003	-264.352452936
-744.563446683	582.378304982
-420.712399399	763.662514002
888.434349887	146.539199024
-536.111182062	-495.445663422
-514.268649282	-410.080125247
367.531643305	-210.605674079
-573.137570363	-657.564923562
953.469473655	-707.19570648
467.798339863	-889.724743587
504.531501866	-482.452390639
-112.350127258	-502.374786173
169.261080171	568.884982123
796.673515594	868.492611834
-450.666002481	-47.2515507213
266.593382429	109.77045978
-6.25736753156	-165.9582378
465.541579653	-47.0704548897
-283.804855196	-237.318278562
-715.390158902	-839.164214038
-363.827499809	-277.353313794
-676.667895564	-175.893515153
-879.71504179	-241.410750086
-98.1735249451	-513.561063673
342.65911738	-997.850890458
-503.122241083	969.753538772
-118.187438996	-533.496451239
55.0873291033	-963.277879395
251.273363089	-587.331374514
-716.97071094	-905.805206838
363.706918602	542.430972709
-679.24586861	-177.265985022
-905.109526962	113.169051515
565.482702411	50.1680785219
987.304360661	-913.134620036
-814.578950201	-998.802574413
847.892739245	-768.405431543
507.59825892	-675.297208801
23.0565073262	-209.385212951
-942.730693886	-36.8690665179
243.104433875	-268.293375588
783.41889837	158.766635887
741.349430815	-735.306761314
516.850595339	-53.7759455871
624.289482631	327.288900966
-196.928721838	923.409743032
-238.322809061	-91.952974657
201.787012453	-831.091004581
-796.555856522	372.029110557
-632.825870959	855.764366057
462.493375217	-407.887763045
607.569254483	780.929722554
-150.12618249	-723.16518762
-995.323046696	221.514644787
-258.237906775	-240.70366867
444.004896979	-281.995073244
132.942339906	455.588341763
-774.783698575	174.767492758
-338.127536435	-185.808312581
-83.2691133186	38.94588882
250.423132396	-663.615848938
965.080288829	885.606752105
-309.981376887	737.070854672
378.828136982	-953.808049798
226.418857959	-947.461729831
-563.871882274	-242.470556147
666.327395987	-959.341304875
234.832702352	-967.724067863
983.198006818	432.626460089
373.717546027	33.8371207151
-382.753885466	-362.077404006
-56.4092242938	454.531008208
-819.194302681	397.268386072
-688.557900739	-358.423797433
216.262343638	-454.295328288
287.402992522	-324.964052698
849.457902708	853.800608937
-31.5446422266	436.024697621
488.201380845	-482.48004855
-797.466967625	-579.347297084
-712.516380025	-303.401389598
-247.864781921	-291.546623571
475.127946663	29.0944454883
364.6175115	135.679280115
555.311290471	159.368436331
-359.424828827	718.318426281
663.578429569	-806.548899965
-636.4476637	-266.488363433
278.784701426	-989.43329969
-533.689636786	540.054475947
762.654554803	-375.156338525
451.31389561	-624.237891865
974.790204203	867.036895535
944.925275482	-644.819782643
599.77405258	585.931535872
-359.683079524	953.267180991
-373.817812997	726.630292733
-901.164928607	464.612550466
-970.501737503	-771.803649966
-362.109369967	-303.650695553
81.7207730318	-431.866217526
792.49428108	-775.606332414
-274.377952844	326.68507838
12.26101751	-711.432581018
484.993352304	-345.570112931
-811.473037633	656.371152183
-347.819975453	-550.121986106
137.948595195	-464.934560792
-552.411619674	-318.590949504
399.019547341	-309.267875544
-215.689637989	-349.77841846
76.9242930908	812.816742283
248.029078689	271.625968108
-845.107659748	-22.8361027039
475.55682394	-998.790084837
890.09211923	393.188304698
-247.584393864	-744.796342389
947.599689051	300.176198604
-837.614628457	459.223399012
221.243275	662.590951554
-791.155178188	-18.8705008169
-87.4150878905	669.233396407
143.374681568	842.066201571
627.036296118	588.012373611
145.912839103	-440.1603719
960.719801632	122.728761679
526.446012891	552.327614483
-171.73151499	-842.727121049
-941.068006327	-877.021324108
475.351241776	-200.417602086
751.68283609	-689.948763476
-771.568281965	-44.0827440941
440.002624085	354.023615823
-722.323239618	-193.611931835
-152.727976871	-959.111868494
643.609105127	-234.604992096
-699.714682875	9.05975568212
-67.8787975449	-166.784539824
579.648104107	-420.300894223
-349.041222687	-276.676992057
-903.915460109	-996.916411328
-481.194558662	-403.79410834
750.261628777	-643.755153001
-318.461957822	494.511491342
-310.726165412	-92.8894140417
293.742900263	796.419507365
480.412172061	-614.558344655
345.535796859	-134.959327818
-831.904461902	-703.960081156
698.056906095	-450.162033871
307.535574903	-990.648592239
168.882388043	-460.220733936
-368.563557354	334.479089986
611.936522285	-526.315312153
50.1813579743	999.344789349
-150.159475071	975.389998943
672.673031894	192.611959206
-830.719411126	47.8255029414
187.723035964	-565.88124323
-12.5120791989	-943.925634014
575.079539747	-663.750005512
922.968318175	-871.460329056
10.2079467325	817.302395055
345.383013362	-427.890049984
900.447630573	115.189523931
870.607341971	-752.691292895
883.499786072	459.97762662
159.486368289	-318.473417938
-28.2816107955	414.066039009
-928.756453521	-273.834774738
168.571049004	155.990171305
-439.291999618	339.202255251
362.194609437	-597.988155336
-971.113631245	-391.989119843
-846.007732182	824.347252052
363.372376259	319.217821624
980.768720403	-503.242032672
-938.412174411	-869.560404583
928.677766104	751.679475204
795.426135379	-665.829845175
984.223484395	463.686518563
-139.481908046	-472.376572062
135.882953724	871.066716498
-24.409392569	-377.104735254
707.076188774	-350.097601891
702.645348043	771.549036406
363.875348405	-886.643190231
751.415574758	-671.504769285
247.891130523	906.960839671
198.01548478	-165.424261255
-541.659077109	540.528865511
125.426418629	-779.978825143
878.023974008	349.038974952
856.671898528	116.572180735
-958.281170236	-787.96864559
-649.758751677	508.361871942
992.207755781	475.296530269
234.876187901	-564.225789676
130.928828742	953.435605806
-832.821917335	-126.179358412
-65.1712970985	-784.640441218
249.033659138	120.91022674
-627.64865492	-949.099170848
-449.877884355	311.541905315
97.9219170743	835.111433863
286.058616184	-183.529977081
-788.251098447	-105.172467138
411.900018994	330.83939572
-775.098712126	990.203983158
210.711406977	-83.7912813008
431.735489282	-802.773080901
782.829430582	-173.428077958
-874.892238998	-166.134227459
677.272289626	-456.898477596
212.25559296	-740.881222168
928.43766043	-421.160124843
466.181347009	-501.217718081
-476.692978061	-436.897448063
-777.086098711	-780.546023148
-61.8080939006	-920.454237648
-143.577037392	-448.230167819
425.243138751	279.541728909
-668.343726824	962.289694653
-468.782582183	265.227049053
-501.656664608	-516.208821361
409.760313282	-946.683561099
184.122496721	805.096057312
150.010155727	423.080692322
-754.24116522	-2.50678750145
446.542625345	-915.564420779
6.72926084832	-816.60402991
-121.057838855	934.251519864
193.632035296	-71.1451926476
-246.83431338	429.076387218
-896.733741184	228.821117861
247.016987701	-647.427065226
-962.556231216	450.846169505
998.298431594	32.5884257099
-776.756262485	-333.84280392
804.574685243	-188.386718594
317.198735549	-402.738482648
-346.209340597	-636.248996441
881.541587738	-48.4466029924
264.84210021	402.001405604
347.007539397	-691.034531144
-666.124030543	-605.017615094
-784.620104942	-153.080391669
458.543429916	538.541240614
-639.86966034	267.392420839
650.770323122	-774.152432076
606.649701171	773.426575809
-484.740266652	-404.603054234
-612.577697246	-716.985131704
336.887880702	917.257054982
777.388727016	-787.920286162
718.190333832	-880.036559339
644.951454376	-860.328116835
-480.269030333	254.018831507
-92.2686460375	-531.923583833
496.143209222	-539.074498224
286.925671302	21.4432307188
-986.510658477	-433.711672742
-148.039499607	567.380514441
-86.1336101094	969.920117595
42.4324603709	-877.713909369
-880.880854559	788.171468441
319.327572419	-599.511326304
43.8948027553	927.582673206
423.196863944	407.880925228
-828.93675477	359.543002107
-980.304595056	-724.008032918
235.020133459	584.536966511
-614.040433445	-849.540414725
-356.286994396	909.508598159
-347.936053053	220.46006063
792.205296373	-688.116097952
-73.304254419	-33.9218466437
208.818510631	-594.69558777
385.038631325	277.399251715
646.850844653	838.821504477
773.515381003	540.230231071
779.042612665	40.8784158858
-584.368910818	-98.7420464096
189.343131749	170.071766003
-186.680262662	440.37020078
-874.412219414	588.332288381
718.745080945	-313.930855706
600.818068914	-527.87058508
-386.556415422	-25.4807710102
-447.975131405	93.1583715734
-321.781293754	265.176088751
-404.748758331	-354.265368272
-702.191301949	281.437118311
319.099870016	-12.1712012179
486.383961866	515.78066459
-996.77380503	159.409058847
48.2232448808	141.593724185
801.444296476	60.7629159342
-654.089875061	-273.640072349
-83.1507661842	10.9361551307
784.197921887	-713.751500777
-214.709437855	-94.890566904
8.22000398505	-760.59881075
-35.029443151	264.889920332
-372.1172464	-538.084735359
656.338819902	-996.005931744
-854.148562409	-409.976381009
-158.319179784	-30.2839494449
840.409448422	-68.7202231368
-340.13322543	-525.672514969
905.437545761	-3.66049398923
848.179045609	516.149465491
48.1913602942	-266.178915272
-79.2652790537	623.395667226
292.020982443	-837.3506742
-937.650914701	425.164928578
810.184002051	-177.649827208
-677.668352005	-875.066383539
979.153022992	-565.707630061
-32.6484731603	806.866763855
585.321350269	-297.51368534
164.64113749	-848.599616128
-247.886165871	-784.06963425
-502.662716776	504.007620205
-480.301229296	-463.703501064
798.72472343	-698.072425419
58.2745330182	-817.096133055
-231.419726955	811.144805268
636.000072825	-537.449709116
-75.0693675883	618.094133137
-354.571214561	-531.912670679
339.679072314	449.356437041
-169.946673302	-58.2423624119
-997.558042716	-307.702166359
908.98541342	-697.353379966
-515.791599567	98.3971934758
869.304511407	-700.642881826
-925.212543306	-179.015953158
208.566516475	215.958201788
-802.269405159	385.952358462
675.727531367	-917.459599224
-351.312785155	367.504127728
513.888960903	-604.86796032
-730.96708987	439.421250524
-694.615508279	856.034125071
-991.541686509	-113.508035964
213.581082209	805.388371238
-341.029837196	728.760886054
-810.06484071	-978.824062994
-79.1544249069	222.403334504
-110.034757766	-726.080282859
398.000157636	422.495602807
450.82724508	673.39632584
872.515080458	561.997253251
-173.7513257	761.657771651
202.979245412	791.428224131
-277.716943177	241.951430123
224.818743271	539.719670333
688.222695283	937.624585194
954.522321281	153.877087812
67.6450913923	61.0594392692
373.097862805	514.166815261
-739.797907599	552.229576904
-35.8354894676	265.695490642
-273.728698022	-283.015615934
685.147895737	-667.459549916
761.936932753	-110.103699099
-566.947898342	269.492886682
227.117609878	856.940801706
-637.080109171	238.379305103
-728.633904942	-531.387304296
-967.069867803	-781.09056622
483.542216046	81.6630366641
-233.286611016	248.413156974
635.314757671	-235.087950583
200.97721959	607.330930923
95.8897050077	780.088807707
-737.323295591	72.8643180788
904.153930959	833.451082714
-552.918729024	202.958519465
-125.998681138	195.736639935
-788.73664472	-36.1062350133
-876.866356792	-424.618539691
980.174497209	346.791767903
-235.3268745	35.8720601908
133.154697145	482.948800276
293.541615747	45.8818664196
-461.60941429	-129.617835477
-916.64682016	384.220287216
-259.686296204	-937.089633774
-940.556323938	642.066007077
-805.60259341	345.583358031
-501.448870755	837.585085362
81.4341318464	532.273067127
-338.564889245	298.189623096
388.454423806	538.322553757
585.178278955	-961.513838748
675.564003931	999.318355586
-957.400449118	-286.470167247
837.724963497	97.1280236279
7.87710606194	-189.781031251
393.369220155	436.81430489
153.561269163	-72.378505684
-295.725885467	697.786365222
365.467155955	968.503746767
916.618036064	189.472206845
589.425893987	661.842507628
690.757192839	-71.1777283565
-812.599091333	134.067623669
892.860971021	-721.841284056
-404.68861721	721.447692617
989.59544118	-39.1557254923
-270.469924462	-90.7801543333
-913.999728168	-740.281431442
-743.009696708	618.888634521
-75.8187604999	423.061906595
149.535328381	-764.898735032
-820.281576237	-367.740175952
-977.775454442	527.455248068
-439.90828468	-492.291200117
483.171620476	408.944590397
667.212798598	-241.698276853
868.801841951	957.61902017
561.278450992	-759.918600557
879.860888538	-653.357164505
488.350012056	-836.428190387
-993.846036578	200.221225195
-336.619755104	698.304088687
986.759588183	-606.975527457
-446.739880236	-496.767053376
921.892123967	-919.953603683
448.077125076	-640.142627871
223.543893248	809.586464952
-276.85940436	-137.670495642
526.385638345	703.812714842
349.735166396	-917.518281675
202.354245537	-990.681036748
-453.306484692	492.783696088
452.98543373	-587.137232597
-165.898254351	-537.976238273
795.405055041	-756.103004771
501.491242856	631.709227166
26.042748198	854.326860728
644.238243094	818.306351409
-47.0114643345	-842.178640186
235.15282376	-830.952609551
248.034693585	69.213466788
929.490624589	-572.016326271
-84.8332086217	50.0841087476
-0.0547311318691	561.619313213
218.997762219	-602.527799494
-756.644025766	-724.972787089
554.774283147	532.68785341
229.143361831	-980.99492552
723.929869284	-432.468502336
877.621475945	-66.0916663949
508.132183092	-821.394242392
-886.08773418	682.604840627
-168.293654755	-834.381009497
106.676781994	837.857420117
-710.385012693	647.5884824
168.084460671	-665.502962773
982.648260451	-951.228758107
254.245487565	-100.223719521
-908.911269875	-926.603585785
-404.072154271	-553.469936278
363.610203403	198.436752713
928.176425703	-394.920492806
-225.95305881	-916.644481108
197.249737129	613.914436697
658.351613784	-444.818019039
-171.918897	-821.15078599
130.790929591	106.080193457
-518.447924479	840.582444178
-608.744226021	-784.025891637
-12.7111257919	469.880172184
875.544378693	-240.220622287
472.150038919	240.172843495
128.307567337	-376.01759945
-615.284820275	424.897614587
-864.920614004	509.969201496
704.371340322	-352.33217192
-966.017263516	-976.046223975
845.383060738	333.468482137
757.637521801	-579.855164291
-619.513471328	-770.655497966
-380.030973336	-4.25803085994
976.485973673	417.376676643
76.5765155892	469.488006048
195.131904771	965.438624992
531.889529857	666.890872069
-528.182536266	928.334654622
960.418062266	926.967055284
393.034957625	-103.310923029
735.371632052	-636.280787089
204.323578504	-587.883322941
-40.3169004058	-865.353647262
135.220630608	442.28614958
-728.90207837	286.395301644
504.321352974	-283.628460813
-413.938007073	149.291600475
180.542542128	-249.80332509
-904.319732695	-252.688879559
-202.694643814	-111.195796731
-24.8902543548	-338.879968682
-896.310732114	827.833322393
400.714439777	-116.776875369
-821.933319088	-37.1964668867
961.641473065	-65.3662859852
489.42541438	170.033484471
418.468137158	361.563835517
978.073786168	874.490803908
-803.31722507	-80.1284707707
-205.283187161	-325.115996567
604.348185914	929.175773141
693.398638495	327.839246055
-965.814640719	733.026552721
198.170866873	10.7615749615
501.938834425	-733.408020572
181.322204806	431.021109239
595.004177614	-431.944750972
820.561058012	-505.125053095
878.780919556	290.14915355
489.413188721	754.001009472
-451.800577889	764.95199095
515.336967877	-267.899305378
107.601589477	-414.122371179
-665.668062761	297.517643869
-230.712025862	-504.761823006
-242.604887954	-2.62212033138
128.998231308	926.374591423
920.493920496	124.734657752
-817.873946968	-540.038578895
775.571035669	-265.740168525
-818.561204153	778.034725957
-989.477646247	314.667324793
-537.070396443	-46.1333997763
999.427452754	726.689040451
695.999250654	830.414524393
-831.97508792	952.838689075
583.646881208	621.53184175
100.90966412	945.740994694
-447.106788655	700.422411824
933.182387994	723.468628476
157.100971808	-972.480639336
-632.260886647	883.4920967
-71.0286698928	94.8558322665
978.161933955	980.733158364
-469.48480576	-599.110221674
993.621125702	673.386630199
-753.283724029	927.912824938
-135.914986418	817.011744254
953.985278125	219.797912811
-856.786297068	345.674332729
-748.452417531	780.308468515
511.73453385	-860.279146748
929.007696671	477.856075613
118.682614309	-278.539351888
371.076949957	597.688445715
794.406427354	-831.759144697
-92.6974392635	750.252915581
128.455878124	-269.016434147
48.6052623072	806.190218497
530.623751587	283.528787182
162.00052104	-463.865683713
195.642857769	-903.761729293
256.320904022	-48.7417823417
-971.686449576	732.907344699
-433.230890295	-336.657344046
-39.5290879574	-930.118471476
63.8247138333	-426.271063099
942.102294649	-854.29652678
-678.735153686	-641.371635709
641.369005095	-271.666792253
-839.222089941	-366.399912732
-98.4157315454	447.809937542
-908.618434964	428.413716234
196.426491614	-827.593264399
-838.954841671	-139.477940719
-610.43380796	399.028555509
-627.455222441	-335.6469309
911.054371685	892.642129972
916.702047902	636.599931486
760.376505385	-467.769279364
-252.025146539	-183.109955965
272.795856373	-399.225375096
124.433119886	-258.779808882
401.9986489	-763.74372237
-447.33285966	871.001270479
-147.862895936	-97.0619004417
-740.308342735	898.427283764
-973.418546047	-794.961180592
760.984401472	-544.686139828
222.927457219	-638.905485537
-982.641233006	803.864875411
368.053962821	227.002090922
-381.05286705	739.224008524
286.058808438	-779.910181143
88.9381162262	460.94911902
55.6852273142	963.683641573
-323.258779399	426.28864716
-911.022195525	-481.089054016
-451.994392445	158.542617819
-566.668397857	-450.035431405
913.971103952	188.678005654
314.797277455	-826.724207104
-523.622701032	241.310425895
-836.871190997	999.545683032
123.73722014	-255.028238713
-284.458764207	864.481865788
503.468656582	-618.164614477
-491.888667964	-242.731799478
24.4171869108	146.530741723
-843.233891548	-145.701897494
-455.826207493	921.059958125
142.367772506	565.040850114
-586.172700541	-600.482370669
219.275913421	484.117017907
489.454980019	324.392122087
-931.70201141	-672.000905482
-829.173065316	743.450844602
115.679474608	-811.460872779
-248.201236928	-692.546205698
507.397467986	-954.932267268
679.96417771	-542.148450512
-76.4351746035	396.697566652
-561.493582697	987.669866253
364.266012966	295.936085352
-527.751022416	-698.272257509
-179.119398681	40.1370789586
852.427829795	109.476385706
290.835316373	52.0149599421
183.682991003	724.982057814
-972.112375119	389.134806274
923.787716569	-877.157015819
159.181404968	903.794582981
-394.325794491	132.133840809
-112.990211089	520.282166895
-411.696366786	631.483229344
-333.428255517	603.505579756
-594.52196141	247.163904119
-60.0769176663	-46.8953581908
831.632066899	-272.636938205
-153.166304116	-816.069735723
-819.969697021	-253.436367435
93.1581370446	455.538840422
903.578865198	816.344023205
-109.576956715	-492.378161426
369.915813795	646.047253365
524.702981393	924.815119835
-290.029093413	889.137660797
72.5454905182	-118.076727926
128.584720131	496.9380634
391.027650383	-905.53553886
373.2753391	-696.604049235
904.760529998	-304.794525355
135.240844672	-515.096404221
-486.707028984	26.6062114309
132.578057486	-654.485623914
-537.843855305	-820.227187642
-725.473745633	815.786976804
-340.585902216	525.542704838
-823.907573491	298.527824963
-907.699695655	-78.9583936634
-750.8342431	224.478699568
81.8312594975	-743.028916109
228.826911332	633.655722213
-291.877372886	977.949886438
-438.665375	155.948496064
-4.91609982322	227.406259633
672.315190358	321.153670435
335.198186802	-967.122575024
753.382333561	-917.472365257
-5.22415304067	942.926451344
-569.947459774	-588.69011653
-411.318973723	332.11876387
-808.089186226	-36.3741355719
-554.186067886	-102.320108153
-252.740447233	-450.284200056
-948.966415813	-834.400626546
551.398768166	737.263258802
-921.163346998	643.226236619
-4.04109948851	189.176018036
-599.737925154	-194.426073161
-278.649983806	982.645536736
-11.5449229474	-230.608219149
410.021522473	-256.366115921
-899.801296005	-569.197621459
-306.121633972	-56.6323168567
758.736712784	372.274644519
-344.496710531	646.859541716
-88.101099135	-74.0778886263
456.455982465	-798.360446088
134.652209884	-311.710609218
-625.267721093	-858.188448254
971.875027804	73.5330230949
-598.632710666	986.434388761
380.875152219	610.666072608
-968.534857008	414.195171241
194.717233456	436.079637427
845.795792649	-404.871273489
-504.362685452	-268.165323443
-695.557121304	513.469080593
-558.550794248	-20.9235635686
-654.057529012	-942.12392237
594.442160266	117.22644381
568.965953108	-691.487394032
-433.334128043	592.589344889
-787.672236563	-809.20705686
-724.531233107	572.576062156
924.791143366	-178.134592855
333.111872926	-635.442953201
-208.892542481	826.105720773
-980.654241019	673.160196165
981.118747365	921.345254526
149.966290154	-77.9185081164
-722.351286405	-35.094815002
731.155116762	-592.517739514
-624.829254946	-868.563143931
659.018439488	-812.43458058
5.88206742429	799.365272294
-865.926148297	405.856165841
-420.173920221	146.946819291
-23.5646371779	278.193465448
-380.092453795	-162.122077677
871.217679828	-328.459411233
791.543811859	-826.105991592
882.334433455	453.754217037
102.65344481	558.868261056
764.912976146	-925.012613747
-484.884527523	-330.697816798
802.788484416	-281.726963138
20.9329441502	307.676373516
-611.26413496	870.134647973
763.388034513	-462.391369563
-949.885659405	-657.246628141
466.756835319	673.869178599
716.968554122	-380.46459515
782.648344313	143.614276036
239.066729878	542.23088734
-332.113377771	-691.474198974
930.943013712	978.813681391
659.506852646	813.907406026
722.432599014	-242.236780471
-905.563657096	-428.802199054
-211.304958424	-170.437044558
-703.396566013	-813.473324835
259.032357337	238.448092368
-824.305395866	144.880503377
-885.955027454	-528.548268676
116.355954729	567.753021187
765.390517548	-457.189270839
293.237342992	-376.785823796
100.327242097	-253.001586599
996.01626146	800.275162883
587.98760837	-531.877602166
745.429349915	-168.382948506
375.952340736	-669.3579532
-811.106588453	805.933041199
939.061482091	520.269378291
527.856897001	582.930996561
329.094030983	-691.716997916
241.404751511	904.793126757
423.529389133	52.6602675831
-171.02766546	832.248980967
654.553280437	871.020918216
716.194891406	-3.60786296034
-107.86835579	-462.122523452
-826.684233345	-590.015401248
693.420119676	965.131116029
280.85655918	-905.076713065
735.346389433	-430.074393213
-246.065848848	-240.527982529
-137.678763611	-131.177279169
105.730424502	-237.140376255
-831.029261884	-525.127691775
493.249628949	663.989965564
959.873638089	34.1892340653
-741.226144672	-163.191845998
-772.278668149	612.793843657
895.571587029	-89.1819600367
923.864298304	-403.653260265
-961.442735643	-268.058485506
260.116257016	-254.85884649
-32.1989465057	-843.369853493
298.506063946	904.223433782
-302.689017364	609.695212816
630.879436963	753.988942721
903.947683323	879.320558186
509.9167796	-977.220818262
-518.285793584	-959.148237238
-492.540430056	-884.271251543
732.47183103	-648.973904715
156.312437	-635.307116423
-812.649993517	665.304432923
54.1575195007	-265.872840686
765.100513094	-605.209037707
14.8603116758	-839.1322054
-167.572115756	848.432053249
-969.651846661	-445.292080306
801.064177385	-136.901895969
-948.016105658	-282.582727412
501.025988654	537.442905729
-82.7412355432	811.566583703
955.672178083	941.86489835
71.2774634302	-967.076387389
-588.413702675	-271.173048712
-315.525336133	499.62524456
468.969914922	-682.823217124
341.050537034	-769.460197382
23.3832323652	567.261232616
-266.239043579	256.962005386
-419.727800951	-429.852178467
-465.867732667	548.289116605
-37.1990360796	921.560654681
-585.604408561	444.490701076
665.346968998	-962.3682002
795.837088778	499.665635208
389.756050708	-408.125349395
437.346479464	-547.983050864
942.899875918	493.568613649
645.841433234	40.4255527917
398.186905147	142.071093913
